Domicile_code	AU2017_code	AU2017_name	Dom_average_NZDep2023	Dom_average_NZDep2023_score
1	500100	Awanui	10	1153
2	500202	Karikari Peninsula-Maungataniwha	9	1106
3	500203	Taipa Bay-Mangonui	8	1050
4	500204	Herekino	9	1109
5	500205	Ahipara	9	1096
6	500206	North Cape	10	1233
7	500207	Houhora	9	1076
8	500208	Motutangi-Kareponia	9	1104
9	500301	Kaitaia West	10	1223
10	500302	Kaitaia East	10	1224
11	500401	Kaeo	10	1197
12	500402	Mangapa-Matauri Bay	10	1146
13	500500	Kohukohu	10	1177
14	500600	Rawene	10	1251
15	500700	Omapere and Opononi	10	1192
16	500801	Hokianga North	10	1252
17	500802	Hokianga South	10	1247
100	500900	Kerikeri	5	985
19	501000	Russell	6	993
20	501100	Paihia	8	1054
21	501200	Haruru Falls	7	1025
22	501300	Opua East	7	1032
23	501400	Kawakawa	10	1169
24	501500	Moerewa	10	1230
102	501612	Opua West	4	965
103	501613	Bay of Islands	10	1123
122	501614	Kapiro	5	982
123	501615	Waitangi	5	982
105	501620	Pokere-Waihaha	9	1104
27	501631	Okaihau	8	1060
28	501632	Ohaeawai	8	1057
29	501633	Waihou Valley-Hupara	5	981
30	501634	Ngapuhi-Kaikou	10	1200
31	501700	Kaikohe	10	1261
32	501802	Opouteke-Tanekaha	6	992
34	501806	Marsden Point-Ruakaka	7	1011
35	501807	Ngunguru	4	963
37	501809	Wharekohe-Oakleigh	4	955
38	501810	Maungatapere	3	950
39	501811	Waiotira-Springfield	6	992
107	501814	Punaruku-Kiripaka	7	1023
124	501815	Bream Bay	6	986
125	501816	Waipu	4	955
126	501817	Pataua-Whareora	5	970
127	501818	Parua Bay	2	925
128	501819	Bream Head	4	964
41	502001	Springs Flat	5	983
42	502002	Three Mile Bush	2	923
43	502003	Te Hihi	1	903
108	502004	Abbey Caves	1	909
45	502005	Otaika-Portland	6	1002
46	502101	Kamo West	6	988
47	502102	Kamo East	9	1075
48	502201	Tikipunga West	9	1062
49	502202	Tikipunga East	9	1079
50	502300	Whau Valley	7	1026
51	502400	Otangarei	10	1342
52	502500	Western Hills	4	967
53	502600	Kensington	9	1076
54	502700	Mairtown	9	1070
55	502800	Regent	9	1083
56	502900	Woodhill	8	1044
57	503000	Vinetown	10	1141
58	503100	Whangarei Central	9	1114
59	503200	Riverside	8	1054
60	503300	Horahora	6	1001
61	503400	Maunu	5	970
62	503500	Raumanga East	10	1208
63	503600	Morningside	9	1093
64	503700	Parahaki	5	985
65	503800	Raumanga West	10	1185
66	503900	Port-Limeburners	4	959
109	504000	Sherwood Rise	8	1049
68	504100	Onerahi	9	1080
69	504300	Hikurangi	9	1088
70	504400	Te Kopuru	10	1185
71	504501	Kaipara Coastal	8	1060
72	504502	Maungaru	7	1026
73	504600	Dargaville	9	1112
110	504700	Maungaturoto	7	1008
75	504800	Ruawai	10	1172
76	504900	Kaiwaka	8	1038
111	505010	Rehia-Oneriri	7	1017
118	505021	Mangawhai	4	965
119	505022	Mangawhai Heads	5	973
79	505300	Wellsford	8	1050
80	505400	Leigh	5	975
81	505500	Warkworth	5	971
135	505601	Waimauku	1	906
136	505602	Huapai	1	905
137	505603	Riverhead Urban	1	902
138	505604	Kumeu East	4	967
139	505605	Kumeu West	4	967
83	505700	Waipareira West	3	950
113	505803	Waiwera	7	1011
114	505804	Hatfields Beach	3	948
115	505805	Orewa	4	955
140	505806	Silverdale Central	1	908
141	505807	Red Beach West	2	931
142	505808	Red Beach East	2	934
87	505902	Manly	3	950
120	505904	Army Bay	2	921
129	505906	Vipond	3	939
130	505907	Stanmore Bay West	3	946
131	505908	Stanmore Bay East	5	970
132	505909	Wade Heads	3	936
133	505910	Gulf Harbour	2	927
134	505911	Gulf Harbour Marina	4	963
143	506001	Weiti River	6	988
144	506002	Stillwater	1	910
145	506003	Silverdale South	3	944
146	506201	Silverdale North	1	913
147	506202	Orewa West	1	900
91	506300	Dairy Flat-Redvale	5	972
92	506400	Paremoremo West	2	923
94	506613	Tauhoa-Puhoi	4	965
95	506614	Tahekeroa	2	931
117	506616	Matheson Bay	2	928
96	506620	Kawau	4	964
97	506631	Snells Beach	4	960
148	506633	Algies Bay	5	969
149	506634	Mahurangi	1	906
200	506642	South Head	6	1005
150	506644	Parakai Rural	4	964
151	506645	Parakai Urban	8	1042
326	506646	Kaukapakapa Rural	2	931
327	506647	Kaukapakapa	1	898
328	506648	Helensville South	2	917
203	506652	Rewiti	3	950
204	506653	Riverhead	1	915
329	506654	Muriwai Beach	2	921
330	506655	Muriwai Valley	2	923
331	506656	Waitakere West	2	919
152	506657	Point Wells	1	909
153	506658	Omaha	2	917
154	506659	Matakana	2	926
155	506660	Cape Rodney	5	985
156	506661	Cape Rodney South	3	937
301	506800	Helensville	6	987
206	506901	Awaruku	3	936
207	506902	Glamorgan	3	950
208	506903	Torbay	3	936
209	507000	Waiake	2	932
210	507101	Browns Bay	4	954
211	507102	Oaktree	4	957
212	507200	Rothesay Bay	2	925
213	507300	Murrays Bay	2	924
214	507400	Mairangi Bay	2	932
215	507500	Campbells Bay	1	900
216	507710	Castor Bay	2	915
217	507720	Crown Hill	2	928
218	507800	Lake Pupuke	2	931
219	507900	Westlake	5	973
220	508010	Takapuna Central	4	957
221	508020	Hauraki	3	936
222	508110	Seacliffe	4	957
223	508120	Bayswater	3	952
224	508210	Kaipatiki	5	981
225	508220	Windy Ridge	3	951
226	508310	Glenfield Central	6	990
227	508320	Glenfield North	5	982
228	508411	Glendhu	4	968
229	508412	Witheford	4	958
230	508420	Target Road	6	987
231	508510	Forrest Hill	4	967
232	508520	Sunnynook	5	983
233	508610	Monarch Park	3	937
234	508620	Sunnybrae	6	999
303	508701	Albany	4	967
310	508703	Fairview	3	951
311	508704	Northcross	4	956
307	508803	Unsworth Heights	4	954
312	508804	Pinehill	4	960
313	508805	Windsor Park	5	970
314	508806	North Harbour West	3	939
315	508807	North Harbour East	4	968
237	508900	Long Bay	1	914
238	509000	Paremoremo East	4	964
239	509100	Greenhithe	1	905
240	509300	Narrow Neck	2	921
241	509400	Mt Victoria	1	909
242	509500	Stanley Bay	1	888
243	509701	Ocean View	5	969
244	509702	Tuff Crater	6	987
245	509800	Northcote South	2	922
246	510010	Beachhaven North	5	984
247	510020	Beachhaven South	4	966
248	510210	Birkdale North	6	1002
249	510220	Birkdale South	4	963
250	510401	Kauri Park	2	924
251	510402	Chelsea	2	921
252	510500	Birkenhead East	2	919
253	510700	Henderson North	9	1063
254	510800	Henderson South	9	1101
255	511001	Tangutu	7	1019
256	511002	Woodglen	7	1009
257	511100	Glen Eden East	8	1051
316	511301	New Lynn North	9	1067
317	511302	New Lynn South	8	1057
318	511303	Lynnmall	8	1037
259	511401	Fruitvale	8	1052
260	511402	Rewarewa	7	1027
261	511601	Glendene North	8	1036
262	511602	Glendene South	8	1058
263	511700	Kelston Central	9	1089
264	511800	Sunnyvale	7	1028
265	511901	Kaurilands	2	934
266	511902	Crum Park	3	939
267	512000	Titirangi South	1	913
268	512100	Green Bay	5	970
269	512201	Matipo	7	1014
270	512202	Durham Green	6	997
271	512300	Te Atatu Central	6	990
272	512401	Edmonton	8	1048
273	512402	Wakeling	7	1009
274	512500	Mcleod	7	1022
275	512600	Konini	3	941
276	512700	Waima	1	908
277	512801	Laingholm	1	909
278	512802	Armour Bay	2	926
280	512902	Otimai	1	913
332	512903	Parrs Park West	9	1077
333	512904	Parrs Park	9	1090
334	512905	Oratia West	5	986
335	512906	Oratia	8	1050
319	513011	Henderson West	5	977
320	513012	Palm Heights	6	991
321	513013	McLaren Park	9	1079
282	513020	Opanuku	4	953
336	513101	Swanson	5	969
337	513102	Swanson South	2	929
322	513211	Urlich	10	1132
323	513212	Starling Park	9	1093
324	513213	Ranui Domain	10	1132
325	513214	Ranui South	8	1046
285	513220	Sturges North	5	974
286	513301	Kingdale	9	1096
287	513302	Fairdene	9	1086
302	513410	Whenuapai West	2	933
289	513420	Herald	2	917
338	513431	Hobsonville East	1	905
339	513432	Hobsonville South	2	935
308	513511	Westgate	6	1000
309	513512	Royal Road West	8	1054
292	513521	West Harbour	9	1086
293	513522	Lucken Point	3	941
294	513530	Royal Heights	8	1052
295	513610	Massey West	6	1005
340	513621	Birdwood West	4	962
341	513622	Birdwood East	7	1024
297	513631	Waimumu North	9	1069
298	513632	Waimumu South	9	1068
299	513701	Taupaki	5	978
400	513702	Waitakere	3	943
401	513800	Karekare	4	965
402	514000	Freemans Bay	5	980
504	514101	Auckland Harbourside	6	997
505	514102	Auckland Central West	8	1045
506	514103	Auckland Central East	8	1052
404	514200	Newton	6	987
507	514301	Grafton West	8	1038
508	514302	Grafton East	6	994
406	514401	Roberton	7	1013
407	514402	Glenavon	9	1088
408	514500	New Windsor	7	1007
409	514600	Avondale South	6	1006
410	514700	Blockhouse Bay	5	973
411	514801	Rosebank	9	1066
412	514802	Avondale West	9	1075
413	514900	Waterview	9	1078
414	515001	Point Chevalier West	3	952
415	515002	Point Chevalier East	3	942
416	515003	Point Chevalier South	8	1050
417	515100	Westmere	2	925
418	515201	Herne Bay	1	910
419	515202	St Marys	2	919
420	515301	Ponsonby West	3	945
421	515302	Ponsonby East	2	934
422	515410	Grey Lynn West	2	934
423	515420	Grey Lynn East	3	940
500	515431	Surrey Crescent	7	1009
501	515432	St Lukes North	3	946
425	515500	Arch Hill	5	972
502	515600	Eden Terrace	4	962
427	515700	Epsom North	5	984
428	515801	Epsom Central	5	974
429	515802	Epsom South	3	944
430	515901	Parnell East	2	934
431	515902	Parnell West	4	962
432	516001	Mt Hobson	4	961
433	516002	Remuera South	4	956
434	516003	Abbotts Park	3	945
435	516101	Remuera West	2	925
436	516102	Waitaramoa	2	920
437	516201	Orakei South	1	904
438	516202	Waiata	1	905
439	516301	Meadowbank North	2	922
440	516302	Meadowbank South	2	925
441	516400	Orakei North	6	996
442	516500	Mission Bay	2	931
443	516601	Kohimarama West	1	901
444	516602	Kohimarama East	1	895
445	516700	St Heliers	1	904
446	516800	Glendowie	1	893
447	516900	Glen Innes North	2	925
448	517001	Glen Innes West	10	1119
449	517002	Glen Innes East	9	1075
450	517100	Point England	10	1238
511	517201	St Johns	6	999
512	517202	Stonefields	1	899
452	517400	Newmarket	7	1012
453	517500	Kingsland	4	960
454	517600	St Lukes	5	986
455	517701	Sandringham North	5	968
456	517702	Sandringham West	6	1003
457	517703	Sandringham East	7	1014
458	517800	Mt Albert Central	4	964
459	517901	Springleigh	6	999
460	517902	Owairaka West	8	1036
461	517903	Owairaka East	5	976
503	518101	Mt Eden North	6	1000
463	518102	Sherbourne	5	974
464	518201	Balmoral	3	949
465	518202	Mt Eden East	3	951
466	518301	Maungawhau	3	938
467	518302	Mt Eden South	3	953
468	518500	Three Kings	8	1050
469	518600	Royal Oak	3	947
470	518701	Hillsborough West	5	972
471	518702	Hillsborough East	4	961
472	518801	Walmsley	10	1176
473	518802	Wesley	10	1129
474	518803	Akarana	9	1112
475	518901	Lynfield North	6	999
476	518902	Lynfield South	4	964
477	519001	Waikowhai West	4	956
478	519002	Waikowhai East	8	1054
479	519200	Mt St John	5	978
480	519300	One Tree Hill Central	4	958
481	519400	One Tree Hill East	5	975
482	519500	Penrose	6	1000
483	519710	Onehunga North West	7	1028
484	519720	Onehunga North East	5	980
485	519810	Onehunga South West	5	975
486	519820	Onehunga South East	7	1022
487	519900	Oranga	9	1091
488	520000	Te Papapa	6	998
489	520201	Ellerslie North	2	931
490	520202	Ellerslie South	3	949
513	520301	Mt Wellington Domain	7	1023
514	520302	Mt Wellington West	5	981
515	520303	Mt Wellington North	8	1061
492	520401	Ferndale	7	1018
493	520402	Hamlin	8	1036
494	520500	Mt Wellington South	9	1105
495	520601	Tamaki	10	1159
496	520602	Panmure Basin	5	985
497	520801	Waiheke Island	5	971
499	520900	Islands-Motutapu Rangitoto Rakin	4	966
600	521000	Great Barrier Island	9	1088
601	521111	Paerata-Cape Hill	5	978
602	521112	Eden Road-Hill Top	5	970
604	521114	Redoubt	5	982
605	521115	Opuawhanga	7	1027
732	521116	Buckland	3	937
733	521117	Buckland South	4	954
606	521121	Patumahoe	2	932
607	521122	Kingseat	3	945
608	521131	Pokeno	2	928
609	521132	Hunua	2	926
734	521134	Paparata	4	956
735	521135	Mangatawhiri	5	974
736	521136	Kaiaua	8	1050
611	521151	Awhitu	7	1017
612	521152	Glenbrook	4	957
613	521153	Otaua	3	949
614	521160	Bombay	3	938
615	521201	Hingaia	2	922
616	521202	Whangapouri Creek	3	940
617	521203	Bremner	5	985
618	521301	Drury	5	982
619	521302	Runciman	4	959
620	521501	Mellons Bay	1	906
700	521502	Cockle Bay	1	897
622	521601	Howick West	5	978
623	521602	Howick Central	4	959
718	521801	Otahuhu North	10	1203
719	521802	Fairburn	10	1142
720	521803	Otahuhu East	9	1087
625	521901	Otahuhu West	10	1194
627	522100	Papatoetoe West	9	1107
628	522201	Papatoetoe North	9	1085
629	522202	Papatoetoe Central	9	1063
630	522301	Dingwall	8	1055
631	522302	Papatoetoe East	9	1105
632	522400	Puhinui North	8	1054
633	522601	Bucklands and Eastern Beaches	3	937
635	522603	Bleakhouse	1	912
721	522604	Bucklands Beach South	4	957
636	522711	Pigeon Mountain North	6	1001
637	522712	Murvale	5	972
638	522721	Pigeon Mountain South	5	971
639	522722	Highland Park	5	986
640	522723	Elsmore Park	7	1014
641	522730	Half Moon Bay	3	935
642	522810	Pakuranga North	3	945
643	522820	Sunnyhills	3	943
644	522910	Pakuranga Central	7	1020
645	522920	Edgewater	8	1032
646	523000	Pakuranga East	7	1008
647	523101	Howick South	3	953
701	523102	Meadowland	2	927
702	523105	Golfland	3	946
703	523106	Millhouse	2	929
704	523107	Burswood	4	963
706	523109	Dannemora	4	955
707	523110	Kilkenny	2	928
737	523112	Highbrook	8	1033
738	523113	Greenmount	5	971
739	523114	Point View	3	939
740	523115	Baverstock Oaks	4	963
741	523116	Mission Heights	2	933
651	523201	Shelly Park	1	902
652	523202	Turanga	1	912
653	523300	Beachlands-Maraetai	1	901
655	523402	Otara West	10	1278
742	523403	Wymondley	10	1298
743	523404	Grange	8	1049
656	523501	Otara North	10	1247
657	523502	Otara East	10	1271
658	523601	Otara South	10	1250
659	523602	Ferguson	10	1265
711	523711	Rongomai	10	1236
712	523712	Donegal Park	6	993
709	523713	Ormiston	3	950
661	523721	Clover Park	10	1174
662	523722	Redoubt North	9	1077
665	523813	Ardmore	4	959
713	523814	Totara Heights	5	970
714	523816	Randwick Park	9	1115
715	523817	Hyperion	10	1183
744	523818	Redoubt East	2	927
745	523819	Mill Road	2	923
666	523820	Redoubt South	6	999
716	523911	Takanini North	9	1114
717	523912	Takanini South	7	1008
668	523920	Takanini West	6	1004
669	524001	Ambury	5	985
670	524002	Mangere Bridge	8	1053
671	524111	Mangere Central	10	1190
672	524112	Mascot	10	1203
673	524121	Arahanga	10	1178
674	524122	Viscount	10	1239
675	524200	Mangere South	10	1121
676	524301	Mangere East	9	1112
677	524302	Aorere	10	1124
678	524303	Kohuora	9	1098
680	524402	Mangere Station	10	1405
723	524403	Favona West	10	1181
724	524404	Favona North	10	1155
725	524405	Favona South	10	1118
681	524510	Harania North	10	1246
682	524520	Harania West	10	1188
683	524530	Harania East	10	1188
685	524602	Wiri	10	1201
746	524603	Puhinui South	9	1075
747	524604	Manukau Central	10	1119
686	524711	Burbank	10	1247
687	524712	Homai West	10	1209
688	524713	Rowandale	10	1225
689	524720	Homai East	10	1155
726	524811	Weymouth West	10	1136
727	524812	Weymouth East	10	1130
728	524821	Clendon North	10	1219
729	524822	Clendon South	10	1192
692	524901	Hillpark	7	1024
693	524902	Manurewa East	10	1164
694	525001	Manurewa Central	10	1133
695	525002	Beaumont	10	1195
696	525101	Leabank	10	1172
697	525102	Wattle Farm	8	1041
730	525201	Clevedon	3	937
731	525202	Kawakawa-Orere	6	991
699	525410	Papakura Central	10	1146
800	525420	Papakura North	9	1081
801	525510	Papakura South	10	1243
802	525520	Opaheke	7	1025
803	525530	Rosehill	9	1112
804	525540	Pahurehure	6	988
805	525610	Papakura East	10	1191
806	525620	Massey Park	9	1108
807	525630	Papakura North East	9	1109
808	525700	Red Hill	10	1155
809	525910	Pukekohe North	8	1057
810	525921	Pukekohe West	6	995
811	525922	Bledisloe Park	6	998
910	526103	Waiuku West	7	1011
911	526104	Waiuku East	7	1008
912	526105	South Waiuku	4	962
913	526106	Pukeoware	3	943
814	526200	Tuakau	8	1037
816	526500	Raglan	6	999
817	526601	Waikato Western Hills	5	982
818	526602	Te Uku	4	959
819	526603	Te Pahu	2	927
820	526701	Onewhero	6	1001
821	526702	Te Akau	7	1016
822	526900	Te Kauwhata	6	987
825	527004	Matangi	1	903
903	527005	Sylvester	1	903
904	527006	Flagstaff	3	941
900	527007	Horsham Downs	3	950
901	527008	Rototuna	3	942
902	527009	Huntington	2	935
826	527111	Whitikahu	5	971
827	527112	Taupiri Community	7	1016
829	527122	Gordonton	4	963
830	527123	Kainui	3	951
914	527124	Newstead	1	912
915	527125	Eureka	3	938
831	527131	Tamahere-Tauwhare	1	905
916	527133	Hautapu	1	912
917	527134	Swayne	1	893
833	527210	Waerenga	7	1010
834	527221	Maramarua	5	985
835	527222	Meremere	9	1091
836	527401	Huntly West	10	1228
837	527402	Huntly East	9	1089
838	527501	Cambridge North	4	965
839	527502	Cambridge West	4	961
840	527503	Cambridge Central	5	969
841	527504	Leamington West	4	960
842	527505	Leamington East	4	955
843	527600	Ohaupo	2	919
844	527700	Kihikihi	6	1003
845	527810	Peacocke	3	941
846	527820	Temple View	6	998
848	527912	Te Kowhai	2	917
849	527913	Whatawhata	3	944
850	527914	Ngahinapouri	2	918
851	527915	Lake Cameron	2	920
918	527916	Horotiu	5	970
919	527917	Te Rapa North	7	1021
852	527921	Te Rore	2	934
853	527922	Pirongia	2	921
854	527923	Pokuru	4	965
855	527924	Lake Ngaroto	4	953
856	527925	Tokanui	10	1133
857	527931	Pukerimu	1	899
858	527932	Kaipaki	3	936
859	527934	Rotoorangi	3	944
860	527935	Te Rahu	1	911
861	527936	Kihikihi Flat	2	923
862	527937	Allen Road	4	963
863	528000	Rotongata	7	1020
864	528200	Ngaruawahia	9	1074
865	528310	Bryant	7	1018
866	528320	Pukete	5	972
867	528402	Pukete West	6	1007
868	528403	Te Rapa	9	1064
905	528405	Burbush	7	1021
906	528406	Rotokauri	2	921
870	528501	Nawton	8	1041
907	528503	Crawshaw	10	1153
908	528504	Grandview	9	1086
909	528505	Brymer	5	982
872	528601	Dinsdale North	6	988
873	528602	Dinsdale South	8	1037
874	528700	Beerescourt	7	1013
875	528800	Maeroa	8	1056
876	528900	Frankton Junction	8	1045
877	529000	Swarbrick	9	1104
878	529100	Hamilton Lake	7	1026
879	529200	Melville	9	1083
880	529300	Glenview	6	999
881	529401	Queenwood	6	997
882	529402	Chedworth	8	1046
883	529501	Porritt	10	1133
884	529502	Insoll	10	1203
885	529503	Fairview Downs	8	1042
886	529600	Chartwell	4	961
887	529700	Hamilton Central	9	1101
888	529800	Clarkin	10	1132
889	529900	Claudelands	8	1057
890	530000	Enderley	10	1129
891	530100	Peachgrove	9	1072
892	530200	Hamilton East	9	1075
893	530300	Naylor	7	1030
894	530400	Bader	9	1117
895	530500	University	9	1083
896	530600	Silverdale	8	1045
897	530700	Hillcrest West	8	1034
898	530800	Riverlea	5	979
899	531001	Te Awamutu West	6	1002
1000	531002	Te Awamutu Central	7	1021
1001	531003	Te Awamutu East	6	1007
1002	531004	Te Awamutu South	7	1016
1003	531100	Kawhia Community	10	1174
1004	531200	Otorohanga	9	1076
1005	531301	Otorohanga Rural West	7	1018
1100	531303	Te Kawa	5	977
1101	531304	Otorohanga Rural East	6	1004
1007	531500	Piopio	8	1061
1008	531600	Taharoa	9	1113
1009	531710	Mahoenui	8	1033
1010	531720	Marokopa	6	995
1011	531731	Waipa Valley	6	1007
1012	531732	Tiroa	10	1156
1013	531800	Mokauiti	8	1061
1014	532000	Te Kuiti	10	1149
1015	532200	Omori	4	957
1016	532300	Owhango	6	995
1017	532400	Ohura	10	1137
1018	532501	Ngapuke	8	1040
1019	532502	Kuratau	8	1054
1020	532601	Raurimu	6	988
1021	532602	National Park	9	1067
1022	532700	Otangiwai-Heao	8	1045
1023	532901	Tarrangower	10	1158
1024	532902	Taumarunui Central	10	1197
1025	532903	Sunshine-Hospital Hill	10	1126
1026	532904	Manunui	9	1100
1027	533000	Whitianga	6	997
1028	533100	Coromandel	8	1043
1029	533200	Te Rerenga	6	1002
1030	533300	Whangamata	5	973
1031	533400	Tairua	6	995
1032	533501	Moanataiari	9	1066
1033	533502	Parawai	8	1059
1034	533602	Pauanui Beach	3	940
1035	533603	Hikuai	5	986
1036	533604	Te Puru-Thornton Bay	7	1019
1037	533800	Ngatea	6	991
1038	533901	Hauraki Plains	7	1022
1039	533902	Turua	7	1013
1040	533903	Kerepehi	9	1116
1041	534100	Waihi Beach	5	969
1102	534200	Ohinemuri	7	1019
1043	534300	Paeroa	9	1077
1103	534400	Waihi	9	1085
1104	534500	Tahuroa	4	965
1047	534602	Waitoa	7	1031
1121	534603	Springdale	6	1007
1122	534604	Waihou-Walton	6	999
1106	534800	Te Aroha	8	1041
1119	534901	Morrinsville West	8	1045
1120	534902	Morrinsville East	4	967
1050	535000	Waharoa	10	1182
1051	535100	Tirau	8	1043
1052	535211	Mangakaretu	9	1087
1053	535212	Kinleith	5	975
1054	535220	Okauia	5	970
1055	535231	Te Poi	7	1011
1056	535232	Tapapa	5	985
1057	535241	Karapiro	2	921
1058	535242	Hinuera	5	968
1059	535250	Arapuni	5	986
1060	535261	Lichfield	6	997
1061	535262	Wawa	6	1003
1062	535310	Paraonui	9	1075
1063	535320	Parkdale	9	1064
1064	535330	Matarawa	10	1156
1065	535340	Stanley Park	10	1169
1066	535350	Tokoroa Central	10	1208
1067	535360	Aotea	9	1100
1068	535370	Strathmore	10	1166
1069	535380	Amisfield	6	998
1123	535501	Matamata North	7	1021
1124	535502	Matamata South	6	993
1071	535600	Putaruru	9	1107
1072	535700	Athenree	4	966
1073	535800	Katikati Community	7	1025
1074	535900	Maketu Community	9	1101
1075	536000	Omokoroa	3	941
1125	536201	Papamoa Beach East	5	986
1126	536202	Palm Springs	4	959
1127	536203	Doncaster	5	985
1077	536400	Island View-Pios Beach	7	1015
1079	536503	Te Puna	5	971
1081	536505	Matapihi	9	1088
1112	536512	Kairua	10	1163
1113	536513	Bethlehem East	2	917
1114	536514	Bethlehem	3	943
1128	536515	Pacific View	2	927
1129	536516	Palm Beach	5	984
1130	536517	Gravatt	3	944
1084	536611	Matakana Island	10	1171
1115	536614	Tahawai	5	979
1116	536615	Aongatete	5	981
1087	536620	Minden	2	935
1088	536630	Kaimai	3	953
1089	536641	Ohauiti-Ngapeke	4	956
1090	536642	Upper Papamoa	5	984
1091	536651	Paengaroa	8	1049
1117	536653	Rangiuru	8	1049
1118	536654	Pongakawa	6	988
1093	536810	Mt Maunganui North	4	955
1131	536821	Omanu	3	937
1132	536822	Tauranga City-Marinas	10	1125
1095	536831	Arataki	6	1002
1096	536832	Te Maunga	5	978
1097	537000	Matua	3	940
1098	537100	Bellevue	5	980
1099	537201	Otumoetai North	5	975
1200	537202	Otumoetai South	3	949
1201	537301	Brookfield	7	1009
1202	537302	Te Reti	6	993
1203	537400	Judea	8	1053
1204	537500	Gate Pa	8	1061
1319	537601	Greerton	7	1029
1320	537602	Pyes Pa	3	935
1206	537700	Yatton Park	10	1118
1207	537800	Poike	5	980
1208	537900	Hairini	4	963
1209	538000	Maungatapu	5	978
1300	538101	Tauranga Hospital	9	1072
1211	538102	Tauranga South	8	1033
1302	538201	Tauranga Central	7	1024
1303	538202	Sulphur Point	10	1125
1326	538301	Kaitemako	5	971
1327	538302	Welcome Bay West	5	986
1328	538303	Welcome Bay East	4	967
1215	538501	Te Puke West	8	1042
1216	538502	Te Puke East	7	1032
1217	538601	Ngongotaha North	8	1043
1304	538602	Ngongotaha South	7	1030
1305	538721	Poets Corner	6	1002
1306	538722	Ngapuna	10	1146
1307	538731	Owhata South	6	992
1308	538732	Lynmore	2	919
1221	538741	Owhata West	9	1073
1222	538742	Owhata East	9	1063
1321	538811	Hamurana	4	960
1224	538820	Tikitere	7	1027
1225	538831	Kaingaroa Forest	10	1340
1309	538832	Tarawera	3	941
1310	538841	Golden Springs	6	999
1228	538842	Reporoa	9	1091
1229	538850	Ngakuru	5	985
1230	538861	Arahiwi	7	1020
1231	538863	Waiwhero	7	1025
1232	538864	Mamaku	9	1068
1233	539000	Selwyn Heights	9	1108
1234	539100	Western Heights	10	1180
1311	539200	Fairy Springs	9	1088
1236	539310	Pukehangi North	10	1162
1237	539320	Pukehangi South	5	986
1238	539400	Mangakakahi	10	1124
1239	539500	Sunnybrook	6	995
1240	539600	Fordlands	10	1294
1241	539700	Utuhina	8	1035
1242	539800	Pomare	3	948
1243	539900	Hillcrest	8	1056
1244	540000	Springfield	3	941
1245	540100	Kawaha Point	8	1037
1246	540200	Koutu	10	1153
1247	540300	Ohinemutu	9	1108
1248	540410	Kuirau	10	1176
1249	540420	Victoria	10	1173
1250	540510	Glenholme East	7	1029
1251	540520	Glenholme West	10	1158
1252	540600	Fenton	9	1113
1253	540700	Whaka	10	1201
1254	540900	Mangakino	10	1189
1255	541000	Turangi	10	1125
1256	541311	Acacia Bay	1	901
1257	541312	Wairakei-Aratiatia	8	1053
1258	541313	Maunganamu	1	909
1260	541315	Taupo East	8	1058
1261	541316	Wharewaka	1	904
1323	541317	Rangatira Park	2	922
1324	541318	Rangatira	5	985
1325	541319	Lakewood	3	945
1262	541320	Marotiri	6	1005
1330	541333	Kinloch	1	912
1331	541334	Tatua	7	1017
1332	541335	Oruanui	2	932
1264	541342	Rangitaiki	7	1008
1333	541344	Broadlands	6	994
1334	541345	Waitahanui	10	1133
1335	541346	Tongariro	8	1054
1336	541347	Motuoapa	4	964
1337	541348	Tokaanu	10	1166
1266	541501	Rangipo	10	1193
1268	541503	Taharua	8	1046
1269	541710	Nukuhau	6	997
1270	541720	Taupo Central	7	1030
1271	541730	Tauhara	8	1053
1272	541740	Hilltop	5	969
1273	541750	Waipahihi	3	936
1274	541760	Richmond Heights	6	990
1312	541900	Ohope	3	943
1276	542000	Matata	9	1082
1277	542100	Taneatua	10	1221
1278	542200	Edgecumbe	8	1037
1279	542300	Te Teko	10	1243
1280	542410	Whakatane North	8	1046
1281	542421	Coastlands	2	917
1282	542422	Whakatane West	9	1105
1283	542430	Trident	10	1125
1313	542440	Allandale-Mokorua	7	1015
1285	542511	Orini	9	1092
1315	542514	Maraetotara	5	980
1287	542520	Poroporo	9	1074
1288	542530	Otakiri	5	981
1289	542540	Rotoma	9	1077
1290	542550	Matahina-Minginui	10	1179
1291	542561	Waimana	10	1208
1292	542562	Urewera	10	1141
1293	542600	Kawerau	10	1148
1294	542700	Murupara	10	1292
1316	542800	Opotiki	10	1168
1296	542901	Te Kaha	10	1185
1298	542903	Cape Runaway	10	1230
1299	542904	Oponae	10	1240
1318	542906	Waiotahi	8	1052
1400	543301	East Cape	10	1277
1401	543302	Ruatoria	10	1321
1402	543303	Tokomaru Bay	10	1210
1403	543601	Tarndale-Rakauroa	9	1068
1404	543602	Te Karaka	10	1168
1405	543800	Patutahi	9	1093
1406	543901	Makaraka	3	949
1407	543902	Matokitoki	1	911
1408	543903	Wainui	1	904
1409	544001	Wharekaka	5	982
1410	544002	Tiniroto	7	1009
1411	544003	Manutuke	8	1060
1412	544004	Tolaga Bay	10	1205
1413	544200	Mangapapa	9	1086
1414	544300	Te Hapara	9	1101
1415	544400	Gisborne Airport	10	1187
1416	544500	Whataupoko	4	963
1417	544600	Gisborne Central	9	1094
1507	544701	Kaiti North	6	1002
1508	544702	Outer Kaiti	10	1268
1419	544801	Kaiti South	10	1192
1420	544802	Tamarau	10	1165
1421	544900	Riverdale	5	972
1422	545201	Tuai	10	1225
1423	545202	Frasertown	9	1102
1425	545204	Ruakituri-Morere	9	1062
1509	545205	Maungataniwha	10	1133
1426	545301	Raupunga	9	1117
1427	545302	Whakaki	9	1086
1428	545303	Nuhaka	10	1204
1429	545304	Mahia	9	1108
1430	545500	Wairoa	10	1174
1431	545611	Bay View	3	947
1432	545621	Poraiti	1	890
1433	545631	Meeanee	2	934
1434	545632	Awatoto	6	989
1500	545710	Twyford	4	959
1436	545721	Karamu	4	966
1437	545722	Whakatu	8	1046
1438	545730	Clive	3	948
1439	545740	Haumoana	3	951
1501	545750	Brookvale	2	918
1441	545761	Irongate	3	949
1442	545762	Longlands South	5	981
1443	545811	Tangoio	6	988
1444	545812	Eskdale	2	923
1445	545821	Sherenden-Puketapu	2	925
1446	545822	Omahu	10	1119
1447	545831	Waiohiki	7	1028
1448	545832	Pakowhai	7	1016
1449	545841	Maraekakaho	2	916
1450	545842	Bridge Pa	9	1067
1451	545851	Poukawa	3	943
1452	545852	Pakipaki	6	1002
1453	545860	Waimarama	3	953
1454	545911	Tutira	8	1037
1455	545912	Puketitiri	7	1029
1456	545913	Whanawhana	3	940
1457	546100	Westshore	6	998
1458	546200	Ahuriri	7	1015
1459	546300	Onekawa Central	6	996
1460	546400	Onekawa West	5	974
1461	546500	Onekawa South	10	1144
1462	546600	Marewa	9	1102
1463	546700	Maraenui	10	1224
1464	546801	Hospital Hill	4	953
1465	546802	Bluff Hill	3	936
1466	546901	Nelson Park	8	1055
1467	546902	Mclean Park	6	1003
1468	547001	Tamatea North	8	1058
1469	547002	Tamatea South	7	1022
1470	547100	Greenmeadows	4	958
1471	547200	Taradale North	4	954
1472	547300	Taradale South	4	968
1473	547400	Pirimai	7	1017
1474	547600	Mahora	8	1051
1475	547700	St Leonards	9	1065
1502	547800	Frimley	3	936
1477	547900	Raureka	8	1047
1478	548000	Mayfair	8	1061
1479	548100	Parkvale	6	992
1480	548200	Hastings Central	8	1041
1481	548300	Akina	7	1019
1482	548400	Woolwich	10	1157
1483	548500	Camberley	10	1221
1484	548611	Kingsley-Chatham	10	1160
1485	548612	Lochain	10	1158
1486	548620	Flaxmere East	10	1145
1487	548810	Anderson Park	8	1059
1512	548821	Iona	2	919
1513	548822	Havelock Hills	1	882
1514	548831	Te Mata	2	915
1515	548832	Havelock North Central	1	908
1516	548833	Te Mata Hills	1	878
1490	549000	Takapau	9	1076
1491	549100	Waipawa	6	1004
1492	549200	Tikokino	4	964
1493	549400	Otane	6	1001
1504	549500	Waipukurau	7	1020
1495	549601	Porangahau	9	1111
1505	549602	Elsthorpe-Flemington	3	942
1506	549800	Norsewood-Herbertville	5	984
1498	549901	Owahanga	7	1011
1600	550101	Dannevirke West	8	1051
1601	550102	Dannevirke East	9	1096
1602	550200	Papatawa	5	986
1603	550500	Woodville	9	1082
1604	550600	Urenui	6	991
1605	550700	Okoki-Okau	5	983
1606	550800	Oakura	2	918
1607	550901	Bell Block	5	982
1608	550902	Paraite	6	997
1609	551012	Glen Avon	5	968
1610	551013	Bowden	2	930
1611	551014	Mangaoraka	2	922
1612	551021	Carrington	1	894
1613	551022	Highlands Park	1	912
1614	551023	Fernleigh	1	885
1615	551024	Barrett	2	927
1616	551030	Omata	2	935
1617	551111	Lepperton	2	931
1618	551112	Kaitake	2	933
1619	551120	Okato	7	1011
1620	551301	Waitara West	10	1138
1621	551302	Waitara East	9	1072
1622	551400	Moturoa	9	1063
1623	551501	Lynmouth	7	1010
1624	551502	Spotswood	7	1019
1625	551503	Marfell	9	1102
1626	551600	Upper Westown	4	966
1627	551700	Westown	8	1035
1628	551800	New Plymouth Central	8	1045
1629	551900	Kawaroa	7	1013
1630	552001	Mount Bryan	7	1013
1631	552002	Marsland Hill	7	1007
1632	552100	Fitzroy	3	953
1633	552200	Welbourn	7	1026
1634	552300	Merrilands	7	1011
1635	552400	Frankleigh	7	1008
1636	552500	Struan Park	6	987
1637	552701	Egmont Village	2	929
1638	552702	Kaimata	4	958
1639	552800	Inglewood	5	981
1640	552900	Midhirst	6	1006
1641	553001	Whangamomona	10	1119
1642	553002	Douglas	5	973
1643	553003	Toko	5	969
1644	553004	Pembroke	5	973
1645	553101	Stratford West	7	1031
1646	553102	Stratford East	7	1026
1647	553200	Opunake	9	1077
1648	553301	Rahotu	9	1066
1649	553302	Kahui	8	1032
1650	553400	Kaponga	10	1129
1651	553500	Mangatoki-Moeroa	7	1019
1652	553601	Eltham	9	1074
1653	553700	Kapuni	7	1029
1654	553800	Manaia	10	1133
1655	553900	Normanby	9	1072
1700	554010	Hawera North	8	1053
1701	554020	Hawera South	9	1075
1702	554111	Ohawe Beach	5	977
1703	554113	Tawhiti	3	952
1704	554114	Waingongoro	4	965
1705	554115	Hawera West	2	933
1661	554120	Ohangai	5	984
1662	554130	Okaiawa	8	1039
1663	554300	Waitotara	7	1030
1664	554400	Whenuakura	7	1009
1665	554500	Makakaho	6	990
1666	554700	Patea	10	1188
1667	554800	Waverley	10	1136
1668	554900	Tangiwai	7	1025
1669	555000	Ohakune	8	1045
1670	555100	Raetihi	10	1122
1671	555200	Otamatea	1	912
1672	555300	Blueskin	2	917
1673	555400	Maxwell	4	955
1674	555700	Castlecliff North	9	1099
1675	555800	Castlecliff South	10	1128
1676	555900	Mosston	10	1177
1677	556000	Balgownie	10	1232
1678	556100	Tawhero	8	1040
1679	556200	Gonville South	9	1062
1680	556300	Gonville East	10	1119
1681	556400	Gonville West	10	1214
1682	556500	Springvale West	6	1000
1683	556600	Springvale East	5	969
1684	556700	Wanganui Collegiate	8	1033
1685	556800	Laird Park	10	1149
1686	556900	Wanganui Central	10	1142
1687	557000	Spriggens Park	9	1070
1688	557100	Cooks Gardens	8	1060
1689	557200	St Johns Hill	4	959
1690	557300	Lower Aramoho	9	1113
1691	557400	Upper Aramoho	8	1047
1692	557500	Williams Domain	9	1092
1693	557600	Wembley Park	10	1139
1694	557700	Kowhai Park	8	1059
1695	557800	Bastia Hill	4	956
1696	557900	Durie Hill	6	989
1697	558100	Putiki	6	995
1698	558200	Marybank-Gordon Park	4	965
1699	558300	Fordell-Kakatahi	7	1023
1800	558500	Waiouru	7	1008
1801	558600	Mangaweka	7	1027
1802	558700	Hunterville	9	1078
1803	558800	Ratana Community	10	1174
1804	558900	Bulls	7	1012
1806	559210	Moawhango	5	974
1807	559220	Pohonui-Porewa	5	986
1900	559230	Lake Alice	5	981
1809	559240	Koitiata	8	1051
1810	559400	Taihape	9	1074
1901	559500	Marton	8	1049
1812	559700	Kiwitea	5	980
1813	560000	Pohangina	3	938
1814	560200	Ashhurst	3	946
1815	560301	Stoney Creek	3	945
1816	560302	Whakarongo	1	913
1817	560411	Oroua Bridge	5	981
1818	560412	Maewa	1	893
1819	560421	Halcombe	2	925
1820	560422	Tokorangi-Hiwinui	2	923
1821	560710	Feilding North	7	1012
1822	560720	Feilding West	5	982
1823	560730	Feilding Central	8	1053
1824	560740	Feilding East	6	1001
1825	560900	Sanson	6	998
1826	561000	Rongotea	5	978
1827	561100	Tangimoana	7	1025
1828	561200	Himatangi Beach	6	1005
1829	561300	Foxton Beach	8	1034
1830	561410	Rakiraki	2	932
1831	561421	Ohakea	4	966
1832	561422	Oroua Downs-Waitohi	4	956
1902	561500	Moutoa	6	999
1903	561700	Foxton	9	1109
1835	561811	Kairanga	3	938
1836	561812	Longburn	5	980
1837	561813	Massey University	6	995
1838	561820	Linton Military Camp	3	950
1839	561901	Kauwhata	3	936
1840	561902	Turitea	1	902
1841	562100	Milson	5	983
1842	562200	Kelvin Grove	3	946
1843	562310	Takaro	7	1010
1844	562320	Cloverlea	7	1012
1845	562401	Palmerston North Hospital	6	998
1846	562402	Papaeoia	8	1054
1847	562500	Roslyn	9	1087
1848	562600	Terrace End	7	1009
1849	562710	Highbury	10	1142
1850	562720	Westbrook	9	1062
1851	562800	Palmerston North Central	9	1091
1852	562910	Awapuni North	9	1064
1853	562921	Awapuni West	3	937
1854	562922	Awapuni South	4	964
1855	563000	West End	8	1054
1856	563101	Hokowhitu West	6	996
1857	563102	Hokowhitu Lagoon	2	919
1858	563200	Hokowhitu East	5	979
1859	563300	Aokautere	1	890
1860	563500	Shannon	9	1109
1861	563600	Waitarere	7	1007
1862	563701	Waikanae Beach	3	944
1864	563703	Waikanae East	2	928
1904	563704	Peka Peka	1	891
1905	563705	Waikanae Park	2	926
1906	563706	Waikanae West	3	953
1865	563801	Tokomaru	3	944
1866	563802	Opiki	3	947
1867	563920	Kaitawa	1	903
1868	564011	Lake Horowhenua	7	1030
1869	564012	Waiopehu	4	964
1870	564013	Kohitere	6	997
1871	564021	Mangaore-Manakau	5	968
1872	564022	Otaki Forks	3	940
1873	564023	Te Horo	2	920
1874	564210	Levin North	8	1050
1875	564220	Levin West	10	1134
1876	564231	Playford Park	9	1115
1877	564232	Levin South	10	1181
1878	564240	Levin East	9	1064
1879	564400	Otaki	8	1044
1880	564510	Heretaunga	1	912
1881	564520	Trentham South	3	936
1882	564530	Pinehaven	1	913
1907	564601	Moonshine Valley	1	896
1908	564602	Riverstone Terraces	1	891
1884	564800	Glendale	7	1012
1885	564900	Parkway	5	977
1886	565000	Fernlea	7	1012
1887	565100	Arakura	7	1022
1888	565200	Homedale West	7	1020
1889	565300	Homedale East	6	995
1890	565400	Pencarrow	3	938
1891	565601	Pauatahanui	1	895
1892	565602	Endeavour	1	874
1893	565603	Resolution	1	871
1894	565604	Adventure	2	926
1895	565700	Paekakariki Hill	2	935
1896	565901	Paraparaumu Beach North	4	956
1897	565902	Otaihanga	2	926
1898	565903	Paraparaumu Beach South	4	965
1899	566000	Paraparaumu Central	5	975
2000	566101	Raumati Beach	3	950
2001	566102	Raumati South	3	944
2002	566200	Paekakariki	4	958
2004	566302	Maungakotukutuku	1	910
2005	566500	Te Marua	3	936
2006	566610	Akatarawa	1	911
2007	566620	Emerald Hill	4	962
2008	566700	Maoribank	6	996
2009	566800	Clouston Park	6	987
2010	566900	Totara Park	3	950
2011	567000	Ebdentown	7	1014
2012	567100	Upper Hutt Central	8	1050
2013	567200	Maidstone	6	1003
2014	567300	Wallaceville	6	993
2015	567400	Elderslea	6	1000
2016	567500	Poets Block	6	990
2017	567600	Brentwood	7	1013
2018	567700	Trentham North	7	1023
2019	567800	Heretaunga-Silverstream	2	923
2020	567901	Cloustonville	2	933
2021	567902	Mangaroa	1	885
2022	568101	Tawhai	4	961
2023	568102	Holborn	6	1005
2024	568103	Delaney	9	1086
2025	568104	Manuka	3	940
2026	568201	Taita North	10	1128
2027	568202	Taita South	9	1116
2028	568301	Avalon East	9	1063
2029	568302	Naenae North	9	1116
2030	568303	Naenae South	10	1124
2119	568401	Avalon West	6	1001
2120	568402	Boulcott	4	958
2032	568501	Epuni West	6	1003
2033	568502	Epuni East	7	1012
2121	568601	Waterloo West	3	946
2122	568602	Waterloo East	5	973
2035	568701	Waiwhetu North	8	1035
2036	568702	Waiwhetu South	6	994
2037	568800	Gracefield	8	1053
2038	568900	Moera	9	1107
2039	569001	Woburn North	1	901
2040	569002	Woburn South	8	1039
2041	569100	Hutt Central	2	933
2042	569201	Melling	8	1043
2043	569202	Alicetown	4	958
2044	569301	Normandale	1	913
2045	569302	Maungaraki	2	918
2123	569401	Tirohanga	1	892
2124	569402	Belmont	1	893
2047	569500	Kelson	1	904
2048	569600	Haywards-Manor Park	2	932
2049	569800	Korokoro	1	901
2050	569900	Petone Central	6	999
2051	570000	Esplanade	6	994
2052	570100	Wilford	6	987
2053	570300	Eastbourne	1	895
2054	570400	Titahi Bay North	8	1056
2055	570500	Onepoto	6	993
2056	570600	Titahi Bay South	9	1071
2057	570700	Elsdon-Takapuwahia	9	1087
2100	570800	Porirua Central	4	965
2059	570900	Porirua East	10	1140
2101	571000	Ranui Heights	6	988
2061	571100	Cannons Creek North	10	1254
2062	571200	Cannons Creek South	10	1213
2063	571300	Cannons Creek East	10	1200
2064	571400	Waitangirua	10	1236
2129	571501	Papakowhai North	1	913
2130	571502	Papakowhai South	1	875
2066	571600	Ascot Park	9	1071
2067	571800	Pukerua Bay	1	914
2103	571900	Plimmerton	2	920
2104	572000	Mana-Camborne	1	913
2070	572100	Paremata-Postgate	1	913
2071	572200	Discovery	1	904
2073	572500	Tawa South	1	914
2105	572600	Tawa Central	5	973
2075	572701	Linden	7	1012
2076	572702	Greenacres	1	900
2077	572900	Thorndon-Tinakori Road	3	943
2078	573000	Lambton	6	1007
2125	573101	Willis Street-Cambridge Terrace	5	975
2126	573102	Wellington City-Marinas	1	909
2080	573200	Aro Street-Nairn Street	9	1067
2081	573300	Mt Cook-Wallace Street	7	1020
2082	573400	Mt Victoria West	4	961
2106	573511	Glenside North	2	934
2131	573513	Churton Park North	1	890
2132	573514	Churton Park South	1	914
2109	573522	Grenada North	6	988
2110	573523	Grenada Village	1	897
2111	573524	Newlands East	3	942
2127	573525	Takapu	2	915
2128	573526	Horokiwi	1	911
2085	573600	Johnsonville North	3	942
2086	573700	Johnsonville Central	5	977
2133	573801	Paparangi West	3	941
2134	573802	Johnsonville East	3	948
2135	573901	Paparangi	2	928
2136	573902	Woodridge	1	904
2137	573903	Newlands North	4	964
2113	574001	Newlands South	3	944
2114	574002	Ngauranga East	1	904
2090	574100	Raroa	3	950
2091	574200	Khandallah Park-Broadmeadows	1	895
2115	574302	Te Kainga	1	901
2116	574303	Ngauranga West	1	904
2117	574304	Rangoon Heights	1	900
2118	574401	Awarua	1	896
2095	574402	Ngaio South	1	891
2096	574500	Kaiwharawhara	1	885
2097	574600	Wadestown	1	896
2138	574701	Crofton Downs	1	892
2139	574702	Wilton	3	945
2140	574703	Northland North	2	920
2099	574800	Karori North	1	900
2200	574900	Karori Park	4	956
2201	575000	Karori East	1	894
2202	575100	Karori South	2	922
2203	575200	Northland	3	939
2204	575300	Kelburn	4	964
2205	575400	Taitville	4	962
2206	575500	Mitchelltown	4	960
2207	575600	Brooklyn	2	924
2329	575701	Vogeltown West	3	941
2330	575702	Vogeltown	2	934
2209	575800	Kingston-Mornington	3	950
2300	575901	Brooklyn South	3	938
2301	575902	Happy Valley-Owhiro Bay	3	946
2211	576001	Island Bay West	2	929
2212	576002	Island Bay East	2	920
2213	576100	Melrose-Houghton Bay-Southgate	2	924
2214	576200	Berhampore West	7	1019
2331	576301	Newtown West	7	1009
2332	576302	Berhampore East	7	1032
2216	576400	Newtown East	8	1038
2217	576500	Adelaide	7	1019
2218	576600	Oriental Bay	3	936
2219	576700	Roseneath	2	928
2220	576800	Hataitai North	2	931
2221	576901	Kilbirnie East	7	1018
2327	576903	Kilbirnie West-Hataitai South	5	981
2328	576904	Evans Bay Marina	5	970
2223	577000	Lyall Bay-Airport-Moa Point	4	968
2333	577101	Seatoun Tunnel West	1	911
2334	577102	Strathmore Park	8	1042
2225	577200	Miramar South	5	972
2335	577301	Miramar North	4	954
2336	577302	Miramar	4	967
2227	577400	Karaka Bay-Worser Bay	1	888
2228	577500	Seatoun	1	883
2337	577601	Maupuia	4	967
2338	577602	Miramar West	9	1062
2302	577700	Makara-Ohariu	1	912
2303	577900	Mangatainoka	6	1000
2304	578000	Pahiatua	8	1036
2233	578100	Eketahuna	9	1080
2234	578200	Nireaha-Tiraumea	6	1000
2235	578301	Homebush-Te Ore Ore	3	949
2236	578302	Opaki-Fernridge	1	909
2237	578401	Kopuaranga	2	932
2238	578402	Whareama	4	954
2239	578600	Masterton Central	9	1072
2240	578700	Masterton West	7	1022
2241	578800	Masterton East	10	1125
2242	578901	Solway North	8	1039
2243	578902	Solway South	6	1005
2244	579000	Ngaumutawa	6	996
2245	579100	Masterton Railway	7	1009
2246	579200	Lansdowne	6	1000
2247	579400	Waingawa	2	919
2248	579501	Mt Holdsworth	3	940
2249	579502	Te Wharau	2	935
2250	579700	Carterton	6	990
2252	579802	Tuturumuri	5	971
2325	579803	Kahutara	3	938
2253	579900	Greytown	2	926
2254	580000	Featherston	7	1022
2255	580100	Martinborough	3	942
2256	580200	Havelock	6	1001
2257	580300	Renwick	3	943
2258	580410	Woodbourne	7	1028
2259	580420	Omaka	1	903
2339	580431	Spring Creek-Grovetown	4	953
2340	580432	Riverlands	1	903
2261	580442	Waikawa	4	967
2305	580445	Marlborough Sounds Coastal Marin	8	1036
2306	580446	Marlborough Sounds Terrestrial	5	978
2341	580447	Wairau North	4	957
2342	580448	Tuamarina	2	928
2343	580449	Rapaura	1	905
2344	580450	Wairau South	2	917
2345	580451	Weld Pass	1	914
2346	580452	Fairhall	1	873
2264	580600	Severn	8	1034
2265	580801	Ward	3	940
2266	580802	Seddon	7	1011
2307	581100	Picton	7	1032
2269	581210	Springlands	3	946
2270	581220	Mayfield	8	1052
2271	581230	Blenheim Central	8	1048
2272	581240	Whitney	6	1005
2273	581250	Redwoodtown	6	1003
2274	581260	Witherlea	3	937
2275	581400	Kaikoura Township	6	997
2276	581500	Kaikoura Rural	5	970
2277	581601	Golden Bay	6	1006
2278	581602	Takaka	7	1016
2279	581713	Glenduan	2	922
2281	581715	Ngawhatu	2	928
2283	581717	Aniseed Hill	1	893
2284	581720	Hope	3	946
2310	581723	Saxton	5	970
2311	581724	Best Island	7	1016
2313	581726	Ranzau	3	949
2285	581811	Richmond Hill	1	908
2286	581812	Whangamoa	3	940
2287	581822	Brightwater	2	924
2288	581823	Wakefield	2	935
2314	581825	Mapua	2	918
2316	581832	Kaiteriteri	5	972
2317	581833	Motueka Outer	4	967
2318	581834	Rabbit Island	7	1016
2320	581836	Wai-Iti	2	928
2292	581841	Golden Downs	6	989
2293	581842	Lake Rotoroa	6	998
2294	581843	Murchison	6	1004
2295	581844	Tapawera	8	1046
2296	581850	Riwaka	5	982
2297	582000	Clifton	2	923
2321	582100	Atawhai	2	921
2322	582200	Port Nelson	6	1001
2400	582300	The Wood	7	1016
2550	582401	Britannia	2	929
2551	582402	Washington	7	1031
2402	582500	Trafalgar	7	1030
2403	582600	Maitai	5	982
2404	582700	Kirks	7	1029
2405	582800	Bronte	3	951
2406	582900	Atmore	3	948
2407	583000	Tahunanui	8	1053
2408	583100	Tahuna Hills	3	938
2409	583201	Toi Toi	7	1017
2410	583202	Broads	8	1058
2411	583300	Grampians	7	1032
2412	583400	The Brook	4	959
2500	583500	Nelson Airport	8	1034
2414	583600	Nayland	6	991
2415	583700	Enner Glynn	4	958
2416	583800	Maitlands	5	975
2417	583900	Isel Park	6	1002
2501	584000	Langbein	6	996
2419	584201	Richmond East	5	971
2420	584202	Richmond West	3	950
2502	584301	Motueka West	7	1019
2503	584303	Motueka East	6	1005
2505	584305	Jackett Island	4	960
2424	584402	Karamea	9	1063
2425	584403	Hector-Ngakawau	10	1154
2426	584404	Granity	10	1206
2506	584405	Orowaiti	6	1000
2546	584407	Little Wanganui	8	1039
2547	584408	Mokihinui	9	1079
2548	584409	Buller Coalfields	7	1027
2545	584410	Westport Rural	4	964
2549	584411	Charleston	6	1006
2519	584412	Inangahua Junction	10	1170
2427	584500	Westport Urban	9	1099
2428	584600	Reefton	9	1094
2520	584701	Inangahua Valley	8	1046
2521	584702	Mawheraiti	8	1051
2522	584703	Maruia	8	1058
2430	584800	Karoro	2	931
2431	584911	Kaiata	8	1037
2432	584912	South Beach-Camerons	1	914
2433	584922	Blackball	9	1089
2434	584923	Point Elizabeth	6	1004
2436	584930	Dobson	8	1048
2523	584931	Barrytown	7	1008
2524	584932	Coal Creek	6	999
2525	584933	Atarau	7	1008
2526	584934	Greymouth Rural	7	1028
2527	584935	Marsden-Hohonu	4	956
2528	584936	Arnold Valley	8	1037
2529	584937	Nelson Creek-Ngahere	7	1030
2530	584938	Ahaura	6	987
2531	584939	Lake Brunner	6	999
2532	584940	Haupiri	9	1078
2437	585000	Runanga-Rapahoe	9	1063
2438	585110	Cobden	9	1115
2439	585120	Blaketown	8	1053
2440	585130	Greymouth Central	9	1073
2441	585140	Greymouth South	6	1001
2444	585306	Kumara	8	1042
2445	585307	Kaniere	4	957
2447	585309	Ross	7	1027
2449	585311	Harihari	9	1062
2450	585312	Franz Josef	5	979
2451	585313	Fox Glacier	8	1034
2535	585314	Taramakau	7	1017
2536	585315	Otira	6	993
2537	585316	Waimea-Arahura	4	965
2538	585317	Hokitika Rural	3	951
2539	585318	Hokitika Valley	6	997
2540	585319	Totara River	8	1041
2541	585320	Waitaha	8	1041
2542	585321	Whataroa	8	1034
2543	585322	Waiho	5	985
2544	585323	Karangarua	5	985
2533	585324	Bruce Bay-Paringa	5	985
2534	585325	Haast	6	997
2452	585400	Hokitika Urban	7	1031
2453	585502	Hanmer Springs	3	950
2455	585504	Culverden	6	993
2552	585505	Waiau	8	1061
2553	585506	Amuri	3	946
2456	585601	Parnassus	4	963
2457	585602	Cheviot	9	1099
2458	585700	Hurunui	4	967
2459	585802	Amberley	5	984
2460	585803	Leithfield	4	953
2462	585805	Sefton	5	969
2508	585806	Okuku	2	934
2509	585807	Loburn	2	924
2510	585808	Ashley	2	928
2463	586001	Camside	10	1137
2464	586002	Pines-Kairaki Beach	8	1058
2465	586112	Waikuku	5	976
2467	586114	Cust	3	938
2511	586115	Mairaki	2	920
2468	586120	Woodend	2	933
2566	586121	Fernside	2	927
2567	586122	Lehmans	1	908
2568	586124	Pegasus	1	908
2569	586126	Woodend Beach	6	994
2570	586127	Coldstream	2	934
2571	586128	Ravenswood	3	942
2572	586129	Tuahiwi	4	960
2573	586130	Woodend West	6	992
2471	586303	Rangiora East	5	971
2472	586304	Southbrook	5	977
2554	586305	Kingsbury	2	923
2555	586306	Rangiora North	6	993
2574	586307	Rangiora West	4	964
2575	586308	Rangiora Central	6	1003
2556	586403	Kaiapoi South	7	1025
2557	586404	Mansfield	4	966
2558	586405	Courtenay	4	954
2576	586407	Kaiapoi East	5	982
2577	586408	Kaiapoi North West	8	1033
2578	586409	Kaiapoi North East	2	934
2475	586501	Clarkville	3	953
2579	586503	Kaiapoi West	7	1011
2580	586504	Silverstream	2	928
2559	586603	Mandeville	1	888
2560	586604	Ohoka	1	886
2581	586605	West Eyreton	2	915
2582	586606	Eyrewell	2	924
2478	586801	Ashley Gorge	3	947
2479	586802	Oxford	5	979
2480	586900	Darfield	3	939
2481	587010	Kirwee	1	906
2482	587020	Burnham Military Camp	6	991
2483	587100	Malvern	4	964
2485	587302	Halswell South	2	921
2561	587303	Oaklands West	1	906
2562	587304	Oaklands East	4	956
2486	587400	Hornby North	8	1040
2487	587500	Hornby South	8	1038
2488	587701	Sockburn	7	1030
2489	587702	Wigram	3	951
2490	587811	Yaldhurst	2	925
2491	587812	Broomfield	7	1026
2583	587821	Paparua	9	1082
2584	587822	Templeton	4	962
2493	587830	Islington	7	1012
2495	587842	Halswell West	1	904
2497	587844	Westmorland	1	878
2563	587845	Aidanfield	1	910
2564	587846	Halswell Domain	1	891
2565	587847	Hendersons Basin	1	890
2585	587848	Prebbleton	1	879
2586	587849	Trents-Ladbrooks	1	888
2498	587902	Mcleans Island	6	1001
2499	587903	Kennedys Bush	1	868
2600	587904	West Melton	1	894
2601	587905	Taitapu	1	873
2602	588101	Redwood North	4	965
2603	588102	Redwood South	5	976
2604	588200	Styx Mill	5	982
2605	588300	Casebrook	9	1064
2707	588401	Belfast South	1	902
2708	588402	Sawyers Arms	2	930
2607	588500	Bishopdale North	5	970
2608	588600	Harewood	4	967
2609	588700	Bishopdale	6	997
2610	588800	Russley	4	957
2611	588900	Burnside	5	973
2612	589000	Wairarapa	6	1007
2613	589100	Jellie Park	9	1111
2614	589200	Bryndwr	2	923
2615	589300	Holmwood	1	897
2616	589400	Fendalton	5	970
2617	589500	Deans Bush	2	917
2618	589601	Hawthornden	2	934
2619	589602	Merrin	5	969
2620	589700	Westburn	5	976
2621	589800	Avonhead West	4	964
2622	589900	Avonhead	5	968
2623	590000	Ilam	6	994
2624	590100	Upper Riccarton	8	1053
2625	590200	Wharenui	9	1076
2626	590300	Middleton	6	1006
2627	590400	Belfast	5	974
2709	590501	Travis Wetland	2	917
2717	590504	Mairehau North	2	925
2718	590505	Westhaven	2	932
2719	590506	Highfield Park	3	947
2720	590507	Prestons	1	891
2630	590602	Parklands	6	989
2711	590603	Waimairi Beach	3	935
2712	590604	Styx	4	965
2713	590701	Mona Vale	4	958
2714	590702	Riccarton West	9	1104
2632	590800	Riccarton	8	1040
2633	590900	Riccarton South	8	1042
2634	591101	Cashmere West	1	891
2635	591102	Cashmere East	1	891
2636	591200	Rapaki Track	1	903
2637	591300	Heathcote Valley	3	937
2638	591500	Cathedral Square	4	963
2639	591600	Hagley Park	5	975
2640	591700	Avon Loop	7	1013
2641	591800	Northcote	8	1055
2642	591900	Papanui	5	969
2643	592000	Aorangi	5	975
2644	592100	Strowan	2	928
2645	592200	Merivale	4	959
2646	592300	Rutland	2	931
2647	592401	St Albans West	5	981
2648	592402	St Albans East	7	1008
2649	592500	Mairehau	4	962
2650	592600	Edgeware	7	1011
2651	592701	Shirley West	9	1070
2652	592702	Shirley East	8	1056
2653	592811	Burwood	7	1007
2654	592812	Dallington	8	1036
2655	592820	Travis	6	1002
2656	592900	Avondale	7	1010
2657	593000	Wainoni	9	1072
2658	593100	Aranui	10	1195
2659	593200	Richmond North	7	1008
2660	593300	Richmond South	9	1096
2661	593400	Avonside	10	1156
2662	593501	Linwood	9	1087
2663	593502	Phillipstown	9	1100
2664	593600	Linwood North	9	1069
2665	593700	Linwood East	9	1103
2666	593800	Bexley	9	1115
2667	593900	Bromley	9	1071
2668	594010	Woolston West	9	1064
2669	594020	Ferrymead	7	1026
2670	594100	Woolston South	9	1064
2671	594200	Ensors	8	1050
2672	594300	Opawa	4	964
2673	594400	St Martins	2	933
2674	594500	Waltham	8	1050
2675	594600	Sydenham	8	1038
2676	594700	Addington	8	1059
2677	594800	Barrington North	7	1007
2678	594900	Barrington South	4	967
2679	595000	Spreydon	7	1018
2680	595100	Hoon Hay	3	950
2681	595200	Hoon Hay South	3	940
2682	595300	Hillmorton	8	1043
2683	595400	Somerfield	4	961
2684	595500	Beckenham	1	912
2685	595600	North Beach	6	1000
2686	595700	Rawhiti	8	1036
2687	595800	New Brighton	7	1019
2700	595900	South Brighton	4	967
2689	596000	Mt Pleasant	1	887
2702	596102	Moncks Bay	1	896
2691	596200	Sumner	1	908
2692	596400	Lyttelton	3	953
2694	596502	Diamond Harbour	2	917
2703	596503	Governors Bay	1	897
2695	596600	Port Levy	3	939
2696	596800	Akaroa	4	961
2715	596901	Akaroa Harbour	3	950
2716	596902	Banks Peninsula Eastern Bays	4	966
2698	597000	Chatham Islands	8	1060
2705	597101	Little River	3	946
2800	597200	Lincoln	1	903
2801	597300	Leeston	4	953
2802	597400	Southbridge	4	967
2805	597503	Dunsandel	3	945
2906	597506	Selwyn-Rakaia	4	967
2909	597507	Rolleston North West	1	907
2910	597508	Rolleston Central	1	913
2911	597509	Rolleston North East	1	906
2912	597510	Rolleston South West	1	882
2913	597512	Springston	2	927
2914	597513	Rolleston South East	1	909
2806	597600	Methven	3	946
2808	597712	Plains Railway	1	905
2915	597713	Ashburton North	1	910
2916	597714	Fairton	1	901
2917	597715	Ashburton East	2	916
2809	597720	Mt Somers	3	952
2810	597730	Hinds	3	944
2811	597741	Chertsey	4	966
2812	597742	Rakaia	6	996
2918	597811	Allenton West	6	998
2919	597812	Allenton East	4	967
2814	597820	Ashburton Central West	6	991
2815	597830	Netherby	7	1026
2816	597840	Ashburton Central East	8	1044
2817	597850	Hampstead	8	1035
2818	597860	Tinwald	6	993
2819	598000	Winchester	4	962
2820	598201	Fairview-Scarborough	2	929
2821	598202	Otipua Creek-Washdyke Flat	1	909
2822	598311	Ben Mcleod	5	977
2823	598312	Orari	4	960
2824	598313	Levels	2	928
2825	598314	Pareora	8	1058
2826	598320	Pleasant Point	4	958
2827	598500	Geraldine	5	975
2828	598600	Temuka	7	1009
2829	598700	Washdyke	5	973
2830	598800	Waimataitai	7	1011
2831	598900	Marchwiel	7	1017
2832	599000	Maori Park	7	1011
2833	599100	Highfield	4	966
2834	599200	Glenwood	5	981
2835	599300	Gleniti	1	905
2836	599400	Fraser Park	6	993
2837	599500	Seaview	8	1043
2838	599600	Watlington	6	1005
2839	599700	Parkside	8	1042
2840	599800	Timaru Gardens	8	1045
2841	599900	Redruth	9	1068
2842	600100	Twizel Community	4	960
2843	600200	Fairlie	5	978
2845	600312	Mt Cook	9	1089
2900	600320	Lake Tekapo	2	930
2903	600323	Mackenzie	3	952
2847	600410	Waihao	5	984
2848	600420	St Andrews	7	1030
2849	600500	Waimate	8	1061
2850	600600	Weston	3	938
2851	600811	Pukeuri	4	963
2852	600812	Ardgowan	1	892
2853	600813	Cape Wanbrow	2	924
2854	600822	Duntroon	7	1013
2855	600824	Kurow	8	1035
2857	600826	Maheno	5	978
2858	600827	Omarama	5	971
2859	600828	Kakanui	5	976
2860	600830	Otematata	5	975
2907	600831	Aviemore	4	958
2861	600840	Hampden	8	1047
2862	601010	Oamaru North	8	1044
2863	601020	Orana Park	8	1052
2864	601030	Oamaru Central	7	1020
2865	601040	Oamaru South	6	1000
2866	601200	Palmerston	7	1007
2867	601301	Waihemo	4	962
2868	601302	Hyde	3	952
2869	601400	Waikouaiti	5	985
2870	601500	Aramoana	4	962
2871	601602	Waitati	4	965
2872	601603	Evansdale	4	955
2873	601604	Karitane	6	988
2874	601605	Warrington	3	943
2875	601700	Nenthorn	3	943
2876	601900	Fairfield	1	900
2877	602000	Brighton	3	951
2878	602100	Waldronville	1	895
2879	602200	Outram	1	914
2880	602300	Middlemarch	6	999
2881	602411	Wyllies Crossing	1	914
2882	602412	Wingatui	1	890
2883	602421	Kaikorai Hill	1	910
2884	602422	Saddle Hill	1	894
2885	602500	Taieri	2	922
2886	602600	Strath Taieri	4	957
2887	602800	Harbourside	7	1011
2888	602900	Fernhill	9	1064
2889	603000	High St-Stuart St	8	1034
2890	603100	Stuart St-Frederick St	9	1084
2891	603210	Opoho	4	953
2892	603220	Forrester Park	4	968
2893	603300	North East Valley	7	1029
2894	603400	Pine Hill	8	1032
2895	603500	Woodhaugh	6	1002
2896	603601	North Dunedin	10	1117
2897	603602	Otago University	9	1094
2898	603710	Maori Hill	2	916
2899	603720	Balmacewen	3	938
3000	603810	Glenleith	2	923
3001	603820	Helensburgh	2	935
3002	603910	Wakari	6	1006
3003	603920	Halfway Bush	6	998
3004	603930	Brockville	8	1047
3005	604010	Roslyn North	2	934
3006	604020	Roslyn South	2	935
3007	604110	Mornington	5	972
3008	604120	Belleknowes	3	943
3009	604130	Kenmure	2	933
3010	604210	Caversham	7	1022
3100	604221	Corstorphine West	9	1090
3101	604222	Corstorphine East	4	957
3012	604300	Caledonian	10	1206
3013	604410	South Dunedin	10	1146
3014	604420	Forbury	8	1055
3015	604500	St Clair	6	987
3016	604611	Musselburgh	3	952
3017	604612	Andersons Bay	2	930
3018	604620	Vauxhall	2	917
3019	604710	St Leonards-Blanket Bay	1	902
3020	604720	Ravensbourne	4	963
3021	604810	Inner Peninsula	2	931
3102	604821	Company Bay	1	898
3103	604822	Macandrew Bay	1	909
3023	604830	Broad Bay-Portobello	3	943
3024	604901	Taiaroa-Cape Saunders	7	1010
3025	604902	Sandymount	2	917
3026	605100	Sawyers Bay	3	941
3027	605200	Port Chalmers	6	996
3028	605400	St Kilda West	4	958
3029	605500	St Kilda Central	8	1048
3030	605600	St Kilda East	7	1030
3031	605800	Green Island	4	965
3032	605910	Abbotsford	2	935
3033	605920	Concord	7	1010
3034	606100	Mosgiel East	7	1013
3035	606210	Mosgiel South	7	1008
3036	606220	East Taieri	1	901
3037	606300	Bush Road	5	979
3038	606500	Benhar	3	941
3039	606600	Stirling	4	957
3040	606700	Bruce	4	954
3041	606800	Milton	8	1054
3042	606900	Kaitangata	8	1041
3043	607000	Clinton	10	1124
3044	607100	Kaka Point	4	968
3045	607200	Owaka	6	1005
3104	607300	Clutha	4	958
3105	607400	Balclutha	7	1009
3048	607501	Teviot	4	963
3049	607502	Tuapeka	3	950
3050	607600	Tapanui	5	976
3051	607700	Lawrence	8	1035
3052	607800	Roxburgh	7	1012
3053	607900	Ranfurly	6	991
3054	608000	Maniototo	3	937
3055	608100	Naseby	4	966
3057	608302	Dunstan	1	910
3058	608303	Clyde	3	942
3115	608304	Hawea	1	903
3059	608500	Alexandra	4	958
3060	608600	Cromwell	3	951
3061	608700	Frankton	4	955
3062	608800	Wanaka	1	907
3063	609011	Milford	3	942
3122	609013	Glenorchy	4	965
3123	609014	Kingston South	2	915
3065	609022	Kelvin Heights	1	892
3066	609023	Sunshine Bay	3	945
3121	609028	Lake Hayes	1	870
3118	609029	Matukituki	1	906
3124	609031	Outer Wakatipu	1	892
3125	609032	Wakatipu Basin	1	886
3126	609033	Frankton East	2	929
3127	609034	Lake Hayes South	1	905
3128	609035	Jacks Point	1	893
3107	609200	Arrowtown	1	913
3071	609302	Queenstown Hill	3	950
3129	609303	Arthurs Point	1	886
3130	609304	Queenstown Bay	6	987
3072	609400	Balfour Community	6	991
3073	609500	Riversdale Community	3	938
3074	609600	Lumsden Community	8	1033
3075	609700	Edendale Community	5	986
3076	609800	Wyndham	7	1015
3077	609911	Makarewa North	2	929
3108	609912	Makarewa	1	900
3079	609913	Bay Road West	2	918
3109	609914	Mill Road-Woodend	2	920
3110	609921	Bushy Point	1	880
3111	609922	Otatara	1	895
3083	610010	Charlton	3	936
3084	610020	Waikaia	4	953
3085	610031	Kaweku	3	950
3086	610032	Chatton	3	942
3087	610033	Kaiwera	3	945
3088	610040	Hokonui	3	944
3089	610051	Waianiwa	3	941
3090	610052	Oreti Beach	4	960
3091	610061	Dacre	4	954
3092	610062	Myross Bush	1	878
3094	610072	Waituna	4	959
3095	610073	Woodlands	5	976
3112	610074	Greenhills	5	977
3096	610080	Toetoes	6	990
3097	610090	Wallacetown	3	952
3098	610210	North Gore	5	975
3099	610220	East Gore	8	1035
3200	610230	Central Gore	7	1021
3201	610240	West Gore	5	980
3202	610250	South Gore	8	1054
3203	610400	Mataura	9	1083
3204	610500	Winton	5	983
3205	610601	Grasmere	6	994
3114	610602	Waikiwi	3	951
3207	610700	Rosedale	2	925
3208	610800	Gladstone-Avenal	5	968
3209	610900	Windsor	6	991
3210	611001	Waverley-Glengarry	8	1034
3211	611002	Hawthorndale	7	1015
3212	611100	Richmond	7	1011
3213	611210	Otakaro Park	9	1103
3214	611220	Crinan	10	1175
3215	611300	West Invercargill	10	1161
3216	611400	Georgetown	8	1058
3217	611500	Newfield-Rockdale	7	1023
3218	611601	Heidelberg	8	1057
3219	611602	Strathern	9	1072
3220	611700	Appleby-Kew	9	1106
3300	611800	Kingswell-Clifton	8	1039
3222	611900	Tisbury	2	934
3223	612100	Bluff	8	1058
3224	612200	Nightcaps	10	1133
3225	612300	Ohai	10	1198
3226	612400	Te Anau	4	962
3227	612500	Tuatapere	9	1064
3228	612600	Otautau	8	1033
3230	612712	Manapouri	5	976
3231	612713	Mossburn	5	981
3315	612714	Mararoa River	2	924
3232	612720	Wairio	5	973
3233	612730	Te Waewae	7	1013
3301	612740	Fairfax	6	991
3302	612801	Riverton East	8	1057
3303	612802	Riverton West	7	1010
3237	613000	Stewart Island	6	998
3243	614700	Inlet-Whangaroa Harbour	10	1128
3244	614800	Inlet-Bay of Islands	10	1128
3323	615101	Inlet-Tutukaka Harbour	2	932
3249	615900	Little Barrier Island	9	1106
3250	616001	Kaikoura and Rangiahua Islands	9	1106
3251	616002	Inlet-Port Fitzroy	9	1074
3328	617702	Tidal-Tamaki	1	907
3337	617901	Inlet-Waitemata Harbour	2	925
3339	617903	Auckland City-Marinas	2	915
3341	622102	Seaview Marina	8	1053
3291	622201	Inlet-Porirua Harbour	9	1098
2324	623801	Inlet-Tasman Bay	6	1001
3297	624100	Inlet-Buller River	6	1006
3314	625101	Inlet-Port Lyttelton	4	954
3404	625800	Inlet-Otago Harbour	7	1011
